1000    lh-FA      206 226 156 0
1001    lh-FB      200 219 138 0
1002    lh-FBA     200 200 120 0
1003    lh-FC      187 204 115 0
1004    lh-FCBm    85  193 170 0
1005    lh-FDdelta 19  132 80  0
1006    lh-FDL     27  240 160 0
1007    lh-FDm     13  201 111 0
1008    lh-FDp     69  168 123 0
1009    lh-FE      27  178 138 0
1010    lh-FF      49  172 192 0
1011    lh-FG      61  127 118 0
1012    lh-FH      77  135 106 0
1013    lh-FL      80  145 146 0
1014    lh-H       41  55  101 0
1015    lh-IA      204 61  211 0
1016    lh-IB      137 67  135 0
1017    lh-LA      124 215 246 0
1018    lh-LC1     0   133 185 0
1019    lh-LC2     68  165 227 0
1020    lh-LE      169 219 224 0
1021    lh-unknown 50  50  50  0
1022    lh-OA      253 252 187 0
1023    lh-OB      251 250 146 0
1024    lh-OC      247 222 71  0
1025    lh-PB      247 67  148 0
1026    lh-PC      239 87  150 0
1027    lh-PEm     248 167 210 0
1028    lh-PEp     250 150 200 0
1029    lh-PF      250 180 224 0
1030    lh-PFD     255 190 200 0
1031    lh-PG      248 193 224 0
1032    lh-PH      232 73  130 0
1033    lh-TA      240 85  102 0
1034    lh-TB      233 65  98  0
1035    lh-TE1     235 181 136 0
1036    lh-TE2     204 140 82  0
1037    lh-TF      184 47  79  0
1038    lh-TG      247 198 127 0
2000    rh-FA      206 226 156 0
2001    rh-FB      200 219 138 0
2002    rh-FBA     200 200 120 0
2003    rh-FC      187 204 115 0
2004    rh-FCBm    85  193 170 0
2005    rh-FDdelta 19  132 80  0
2006    rh-FDL     27  240 160 0
2007    rh-FDm     13  201 111 0
2008    rh-FDp     69  168 123 0
2009    rh-FE      27  178 138 0
2010    rh-FF      49  172 192 0
2011    rh-FG      61  127 118 0
2012    rh-FH      77  135 106 0
2013    rh-FL      80  145 146 0
2014    rh-H       41  55  101 0
2015    rh-IA      204 61  211 0
2016    rh-IB      137 67  135 0
2017    rh-LA      124 215 246 0
2018    rh-LC1     0   133 185 0
2019    rh-LC2     68  165 227 0
2020    rh-LE      169 219 224 0
2021    rh-unknown 50  50  50  0
2022    rh-OA      253 252 187 0
2023    rh-OB      251 250 146 0
2024    rh-OC      247 222 71  0
2025    rh-PB      247 67  148 0
2026    rh-PC      239 87  150 0
2027    rh-PEm     248 167 210 0
2028    rh-PEp     250 150 200 0
2029    rh-PF      250 180 224 0
2030    rh-PFD     255 190 200 0
2031    rh-PG      248 193 224 0
2032    rh-PH      232 73  130 0
2033    rh-TA      240 85  102 0
2034    rh-TB      233 65  98  0
2035    rh-TE1     235 181 136 0
2036    rh-TE2     204 140 82  0
2037    rh-TF      184 47  79  0
2038    rh-TG      247 198 127 0
